number of jobs, number of machines and lower bound :
         5          5
processing times:
15	6	4	3	83
99	88	80	69	90
61	11	38	78	19
55	29	87	13	52
11	97	21	10	53

transportation times:
0	0	12	16	18	30	24
0	0	12	16	18	30	24
12	12	0	4	6	18	42
16	16	4	0	2	14	23
18	18	6	2	0	12	38
30	30	18	14	12	0	45
24	24	42	23	38	45	0

input buffer:
2	0	0	1	0

output buffer:
1	0	0	1	1
