number of jobs, number of machines and lower bound :
         5          5
processing times:
51	82	99	77	32
35	24	88	42	46
40	37	57	4	39
7	56	83	5	92
26	84	77	90	42

transportation times:
0	0	6	10	21	35	18
0	0	6	10	21	35	18
6	6	0	4	15	29	56
10	10	4	0	11	25	39
21	21	15	11	0	14	23
35	35	29	25	14	0	39
18	18	56	39	23	39	0

input buffer:
1	2	0	1	0

output buffer:
1	1	1	2	1
