number of jobs, number of machines and lower bound :
         5          5
processing times:
14	3	48	34	95
22	68	12	30	65
81	18	33	91	99
8	65	80	73	11
3	2	16	18	44

transportation times:
0	0	6	18	30	36	18
0	0	6	18	30	36	18
6	6	0	12	24	30	52
18	18	12	0	12	18	37
30	30	24	12	0	6	23
36	36	30	18	6	0	25
18	18	52	37	23	25	0

input buffer:
1	0	1	1	2

output buffer:
2	1	2	0	2
