number of jobs, number of machines and lower bound :
         5          5
processing times:
24	27	12	5	48
24	90	22	22	20
16	46	46	82	90
85	17	51	70	79
4	62	17	5	78

transportation times:
0	0	6	14	15	28	41
0	0	6	14	15	28	41
6	6	0	8	9	22	36
14	14	8	0	1	14	27
15	15	9	1	0	13	56
28	28	22	14	13	0	59
41	41	36	27	56	59	0

input buffer:
1	1	0	1	0

output buffer:
2	2	1	2	2
